add3 ERT

Time(ns) |   0   10   20    30   40   50   60   70   80   90   100   110   120   130   140   150
--------------------------------------------------------------------------------------------------
in	 | 0000  0001 0010 0011 0100 0101 0110 0111 1000 1001  1010  1011  1100  1101  1110  1111
--------------------------------------------------------------------------------------------------
out	 | 0000  0001 0010 0011 0100 1000 1001 1010 1011 1100  1101  1110  1111  0000  0001  0010

BCD_6b ERT

Time(ns) |     0         100         150
----------------------------------------------
in	 |   000000    001010       001111
----------------------------------------------
out	 | 0000 0000  0001 0000    0001 0101

